Central Campus
1Carbon Monoxide
100.0 28.0 0.0 0.0 20 20 1.0 1 1 0.0
Universi
Kresge
Frieze
Rackham
Power Pl
Mary Mar
Hill Aud
Dental S
Mosher J
Angell H
CC Littl
West Hal
East Hal
Michigan
Social W
Law Quad
Buisines
East Qua
Trotter
Wallace
1296.0 1555.0 1.8
1045.0 1394.0 1.8
508.0 1206.0 1.8
639.0 1209.0 1.8
911.0 1192.0 1.8
1302.0 1201.0 1.8
578.0 1045.0 1.8
786.0 1067.0 1.8
1130.0 1100.0 1.8
513.0 827.0 1.8
827.0 876.0 1.8
778.0 715.0 1.8
843.0 720.0 1.8
387.0 674.0 1.8
761.0 608.0 1.8
548.0 630.0 1.8
668.0 461.0 1.8
851.0 472.0 1.8
1228.0 614.0 1.8
1473.0 619.0 1.8
Fuller
State
Catherine
Ann
Huron
Washington
N. Universit
Washtenaw
S. Universit
Hill
Fletcher
E. Universit
Church
S. Forest
Observatory
Geddes
E. Med. Cent
Glen-Sec. 1
Glen-Sec. 2
Oxford
1 347.0 1896.0 860.0 1662.0 0.0 16.0 0.0 0.0 0
1 464.0 1820.0 439.0 396.0 0.0 16.0 0.0 0.0 0
1 461.0 1460.0 977.0 1460.0 0.0 16.0 0.0 0.0 0
1 458.0 1370.0 1151.0 1375.0 0.0 16.0 0.0 0.0 0
1 456.0 1272.0 977.0 1288.0 0.0 16.0 0.0 0.0 0
1 456.0 1192.0 712.0 1192.0 0.0 16.0 0.0 0.0 0
1 456.0 1031.0 794.0 1031.0 0.0 16.0 0.0 0.0 0
1 794.0 1031.0 1509.0 254.0 0.0 16.0 0.0 0.0 0
1 450.0 690.0 1479.0 682.0 0.0 16.0 0.0 0.0 0
1 439.0 396.0 1345.0 428.0 0.0 16.0 0.0 0.0 0
1 709.0 1277.0 709.0 1031.0 0.0 16.0 0.0 0.0 0
1 794.0 685.0 794.0 232.0 0.0 16.0 0.0 0.0 0
1 890.0 928.0 884.0 232.0 0.0 16.0 0.0 0.0 0
1 971.0 235.0 977.0 1460.0 0.0 16.0 0.0 0.0 0
1 1151.0 1375.0 1149.0 898.0 0.0 16.0 0.0 0.0 0
1 1149.0 898.0 1487.0 767.0 0.0 16.0 0.0 0.0 0
1 1149.0 1285.0 1460.0 1288.0 0.0 16.0 0.0 0.0 0
1 832.0 1460.0 860.0 1662.0 0.0 16.0 0.0 0.0 0
1 860.0 1662.0 1051.0 1765.0 0.0 16.0 0.0 0.0 0
1 1487.0 761.0 1449.0 317.0 0.0 16.0 0.0 0.0 0
31101Hour 1
2995.0 481.0 776.0 330.0 1025.0 515.0 523.0 1835.0 436.0 963.0 801.0 653.0 700.0 647.0 1059.0 823.0 1080.0 1325.0 1325.0 413.0
10.0 10.0 10.0 10.0 10.0 10.0 10.0 10.0 10.0 10.0 10.0 0.0 0.0 0.0 0.0 0.0 0.0 0.0 0.0 0.0
0.0 1.0 7 1000.0 15.0 3.0 0.0